382	410	453	471	475	487	489	504	507	
678	700	709	723	731	738	758	805	
1016	1019	1063	1083	1111	989	997	
1124	1154	1161	1181	1188	1226	1250	1272	1274	
1329	1351	1361	1381	1383	1406	
1323	1366	1384	1393	1399	1407	
2233	2260	2286	2309	2337	
1308	1385	1408	1414	1457	
396	463	614	631	636	
1034	1039	1056	481	990	
144	152	38	50	6	66	89	
189	243	271	279	319	349	
245	280	292	314	325	350	
1040	1044	1999	2044	2068	994	
1879	1883	1890	1895	1903	1917	1957	
870	887	908	924	941	949	969	
1163	1183	1214	1238	1473	1490	1572	1617	1622	
1307	1326	1358	1411	1456	
656	689	697	722	825	
1311	1318	1367	1376	1449	
1476	1481	1510	1567	1612	
1993	2001	2005	2025	2047	2073	
377	385	864	886	943	966	
2175	25	45	70	87	95	
657	664	665	719	826	835	
1743	1778	1789	1814	1825	1854	
1647	1673	1696	1749	1785	1846	
2206	2217	2311	2352	2360	
531	536	575	582	610	
2100	2104	2109	2113	2141	
1458	1475	1491	1602	1678	1801	
554	561	571	581	591	639	
1997	2007	2018	2027	379	399	
2207	2219	2253	2276	2287	2323	
1637	1676	1736	1746	1779	
677	728	730	804	818	
1013	1033	1037	1048	1103	
2268	2275	2290	2313	2326	
567	594	603	626	632	640	
2120	2418	2430	2450	2459	2469	
266	284	302	340	369	376	
1649	1697	1727	1741	1762	1821	1824	
2214	2237	2250	2263	2325	2328	
889	895	909	937	968	980	
1507	1538	1599	1611	1625	
580	583	590	627	642	
653	682	693	784	820	
174	181	209	234	316	
1945	2010	2138	2158	2176	
2409	2420	2451	2470	2477	
