1172	1190	1211	1222	1234	1237	1276	1286	
2380	2390	2397	2409	2426	2492	2495	
1022	1031	1045	1103	1109	
1468	1475	1491	1520	1619	
148	155	197	3	335	9	
223	259	264	331	356	360	
1968	1974	1989	1999	2031	2045	
1480	1502	1528	1592	1609	1628	
1477	1484	1505	1513	1555	1614	
118	162	37	61	91	
1160	1174	1179	1261	1288	
728	730	755	804	832	
668	706	735	793	838	
1307	1322	1326	1358	1456	
168	262	295	328	342	366	
2371	2382	2414	2429	2441	2454	
2115	2151	2167	2174	2185	
1046	1065	1069	992	995	
378	404	421	448	472	
391	396	451	460	614	
1298	1299	1351	1369	1381	1424	1446	
1907	1926	1927	1928	1938	1940	
1969	1993	2025	2047	2065	
1963	1982	2003	2061	2083	
2236	2245	2246	2262	2270	2317	
414	489	499	586	601	643	
707	724	773	800	833	
1079	1099	1113	1117	547	560	
129	157	158	59	69	83	
146	15	50	55	89	
