2233	2244	2260	2269	2298	2309	2322	
102	11	157	21	43	49	
1872	1875	1886	1904	1924	1956	1958	
671	700	704	748	765	
1297	1349	1356	1386	1388	1445	
845	856	874	880	939	948	952	
1149	1166	1173	1186	1210	1287	
1302	1363	1376	1409	1429	1452	
1332	1338	1368	1410	1430	1433	
193	216	274	276	308	351	
2031	2366	2427	2438	2457	2485	
196	206	242	285	370	
1126	1146	1205	1226	1248	
646	655	659	674	684	
226	261	294	343	344	367	
1644	1666	1669	1694	1713	1722	1800	
1630	647	686	718	725	816	
2243	2258	2290	2297	2318	2321	
542	608	633	637	644	
1086	531	582	592	598	
122	123	150	95	97	
670	720	751	756	783	819	
1041	1115	982	988	996	
1053	1099	1106	1112	998	
