0
1
2
3
3
1
0
4
5
3
3
6
1
6
3
1
0
7
5
1
5
6
1
5
3
7
6
5
0
3
1
3
1
8
1
3
3
1
5
7
7
0
5
3
1
7
1
3
5
6
5
0
3
1
2
1
5
1
1
6
3
1
5
7
7
0
5
0
3
6
7
1
3
5
0
0
3
1
2
1
5
3
1
6
5
0
5
7
7
5
0
1
0
3
6
7
1
7
0
4
1
0
6
1
2
1
3
5
3
1
1
5
0
5
5
7
1
0
1
7
3
3
7
7
1
8
5
0
4
1
3
2
1
3
5
0
3
8
1
5
0
5
7
0
5
0
1
2
3
6
7
1
5
0
1
8
3
6
1
0
3
3
1
0
5
5
0
9
9
7
10
11
12
13
9
14
15
12
11
10
16
9
8
17
9
15
15
13
9
14
10
13
15
13
15
9
11
8
18
11
12
16
13
14
8
17
11
10
16
9
11
13
9
15
12
15
13
9
10
14
8
10
14
15
16
15
9
11
10
14
18
14
12
16
13
14
12
9
19
11
16
9
11
14
8
9
19
9
15
12
15
13
14
11
14
8
12
13
15
15
16
9
11
14
15
13
13
12
16
13
17
14
9
18
13
15
13
9
11
14
9
19
9
10
16
11
10
13
9
18
8
14
12
13
15
9
11
10
8
14
17
13
16
8
17
13
12
14
13
15
14
11
14
15
9
19
9
16
11
14
16
7
11
8
14
12
13
15
9
10
9
12
13
16
8
8
12
14
10
13
15
14
10
12
9
13
11
13
9
14
9
13
15
9
18
8
15
13
16
14
19
14
18
13
15
8
9
15
15
16
11
14
10
14
15
15
16
20
21
22
23
20
24
25
24
26
23
21
21
23
27
25
21
27
28
23
25
21
21
22
25
23
27
27
21
26
23
23
21
27
24
22
23
27
25
20
21
27
23
25
21
21
20
25
23
27
27
21
23
25
21
20
24
22
28
25
20
23
20
23
25
21
23
20
23
23
27
27
21
20
23
25
21
21
22
27
20
23
27
23
25
21
23
25
21
23
23
27
27
21
23
25
21
25
21
24
22
27
25
21
21
21
23
27
26
21
23
24
21
24
21
23
21
27
23
21
21
27
27
25
27
20
21
23
24
24
20
24
21
23
27
27
25
21
21
23
22
27
29
30
29
31
32
31
30
24
24
25
31
24
30
29
32
32
30
32
29
30
24
31
31
30
31
30
24
25
31
24
30
29
31
32
30
31
31
24
31
31
30
32
24
24
25
32
30
29
31
32
30
31
31
31
24
31
25
32
29
29
31
32
31
24
29
31
24
30
25
31
30
31
31
31
29
24
32
25
30
32
29
31
32
30
24
32
31
24
30
24
31
32
29
30
31
31
25
32
31
30
32
29
25
31
24
32
30
29
32
30
31
32
29
25
32
31
31
29
25
31
30
24
32
32
31
25
31
32
33
34
35
36
35
33
36
33
37
33
34
35
38
33
35
36
39
34
35
40
39
34
36
34
38
33
41
36
33
34
35
36
36
33
33
36
33
37
33
36
34
40
38
34
36
39
42
35
37
42
39
34
34
38
33
41
39
34
33
34
36
35
36
36
33
33
41
36
37
42
33
36
34
40
38
42
34
33
35
43
34
42
38
34
38
33
35
42
40
36
40
36
33
41
38
33
36
37
42
38
42
34
33
36
38
38
34
42
42
38
34
35
36
35
37
42
40
38
35
33
33
39
38
41
36
42
33
35
34
36
36
38
38
40
42
37
42
38
35
36
42
40
42
36
41
38
35
36
33
39
36
37
34
41
35
36
39
42
38
33
38
42
39
34
40
42
38
35
36
33
43
42
36
38
35
36
36
39
33
34
40
33
35
36
39
42
38
35
38
35
37
34
36
40
38
38
38
35
36
44
44
45
46
44
47
20
47
40
20
48
44
43
48
45
48
45
20
44
20
44
46
44
46
47
20
40
45
44
46
46
48
48
40
20
44
40
47
40
20
43
20
20
48
46
40
46
46
20
45
46
48
40
47
44
40
47
40
46
47
47
45
43
20
46
47
40
46
44
45
46
48
44
40
40
46
49
43
50
20
48
44
50
47
46
44
45
46
48
43
40
40
46
48
44
46
20
47
20
44
50
47
46
44
20
47
45
46
44
48
45
40
46
48
44
46
44
40
46
40
47
26
45
47
20
44
47
40
48
48
43
48
45
48
45
46
51
52
53
51
29
54
51
52
52
52
52
52
53
51
21
54
53
53
51
52
53
51
29
54
51
52
53
51
52
52
53
51
53
52
51
53
53
51
52
51
54
53
51
51
51
52
52
53
29
52
53
51
53
52
51
53
51
52
21
51
54
29
52
51
53
54
52
51
29
53
51
52
53
51
53
52
51
54
52
51
53
51
53
52
54
53
51
53
54
52
53
29
52
51
54
53
51
54
52
51
52
54
52
52
54
29
29
53
51
53
21
52
51
29
52
51
54
52
53
51
52
54
53
51
29
29
54
51
53
21
52
29
52
51
54
52
53
55
56
57
55
49
55
57
28
57
28
58
59
49
56
28
56
28
28
60
49
49
57
28
56
55
49
55
56
57
28
58
59
49
56
28
49
28
60
58
59
28
59
49
57
28
58
56
57
59
49
59
55
56
57
58
55
49
55
57
28
59
49
49
57
60
58
28
60
59
49
57
60
58
56
49
55
57
59
49
55
57
60
48
55
55
49
55
20
57
60
59
49
59
59
57
60
58
57
57
60
59
55
27
28
58
60
49
55
57
28
60
49
55
28
20
57
59
49
59
59
58
28
57
49
59
55
58
60
59
56
57
28
27
60
49
61
59
28
58
59
28
28
59
49
49
55
61
57
60
59
55
55
59
56
27
28
27
60
58
60
49
55
28
56
28
20
59
58
59
49
49
41
46
62
50
63
41
41
64
65
64
63
65
63
62
50
41
63
64
62
26
65
41
62
45
50
41
65
41
64
65
62
63
65
63
41
26
41
62
50
64
63
50
63
64
62
62
30
41
65
64
45
62
45
64
63
65
50
62
41
64
65
62
63
65
63
41
62
65
64
62
50
41
63
50
65
65
62
41
65
64
63
62
63
65
65
41
50
65
41
63
41
62
63
65
63
41
26
65
64
65
41
63
50
65
41
65
64
63
62
41
41
62
64
63
40
62
65
63
41
26
65
64
63
50
65
26
41
41
65
64
62
62
41
41
62
64
41
64
62
63
65
64
41
41
64
65
23
65
41
62
62
63
62
41
41
64
65
64
63
45
62
63
26
65
50
63
64
63
26
66
67
67
68
17
68
68
69
67
66
66
70
68
71
71
58
67
66
71
66
66
17
68
71
67
67
70
68
17
68
68
17
71
66
72
71
66
66
68
17
71
67
69
67
68
17
71
66
19
66
69
68
71
66
71
70
68
17
68
71
17
71
66
66
68
17
71
67
69
67
68
70
66
69
17
19
69
68
17
71
66
71
71
17
67
71
71
66
66
68
71
17
71
67
17
67
68
70
71
66
68
17
66
72
71
66
69
71
68
71
66
66
69
71
58
66
67
69
67
68
70
67
17
66
71
66
66
69
17
68
67
66
70
71
68
66
17
58
70
17
67
70
66
17
66
19
67
66
68
69
71
68
67
70
71
68
66
71
67
58
67
66
67
17
58
67
70
70
66
69
68
73
37
73
74
75
59
68
75
73
73
39
66
76
43
74
73
77
75
59
37
76
75
75
61
73
61
74
76
77
37
37
67
78
37
75
61
39
73
77
43
73
74
75
75
59
76
76
73
37
75
78
39
76
75
61
61
43
75
77
37
37
74
75
61
39
73
77
74
76
75
76
75
43
48
73
77
76
78
39
76
76
61
61
74
75
77
37
39
59
74
67
59
61
73
77
39
74
43
76
78
59
39
78
75
61
77
74
73
77
75
75
78
76
76
76
77
75
77
39
39
59
43
76
75
76
73
73
76
77
48
43
76
78
73
75
76
43
73
76
61
77
74
59
39
68
75
78
75
76
76
73
43
75
74
39
37
74
43
76
75
76
73
73
37
67
74
37
48
43
76
78
73
66
76
73
75
77
74
75
39
76
67
75
75
76
76
73
37
74
75
74
43
76
75
43
76
76
73
37
67
74
75
74
67
78
75
73
73
39
66
76
43
48
61
77
74
75
59
37
76
75
61
73
61
74
76
73
37
74
37
75
75
61
76
19
10
19
79
71
55
80
80
81
81
56
19
81
55
80
19
79
80
19
55
79
80
56
81
55
80
80
79
80
56
19
55
79
81
55
80
79
55
19
56
79
81
56
19
80
81
80
80
81
80
55
79
81
55
79
80
55
19
79
19
19
81
56
80
80
80
80
56
55
55
80
19
10
81
19
19
81
80
80
55
56
55
79
81
81
79
19
10
19
56
80
80
81
81
79
81
81
19
82
54
83
82
54
83
82
84
84
28
82
54
22
84
83
82
84
54
83
82
54
83
54
22
22
83
54
83
84
54
28
82
54
22
82
84
22
82
84
82
83
54
83
82
83
22
22
83
85
82
85
22
82
56
22
82
54
22
82
82
83
22
84
82
83
22
54
56
82
85
84
54
22
82
56
54
83
56
22
83
22
83
82
51
84
82
84
28
54
56
82
22
82
56
54
22
82
82
28
54
83
56
22
83
84
82
85
84
84
82
22
54
83
22
82
56
54
54
84
83
56
28
83
54
82
85
82
54
84
54
22
82
22
84
83
82
84
22
18
86
87
7
83
86
88
18
87
18
86
88
88
2
86
89
87
7
87
83
18
86
83
86
88
88
18
86
86
86
88
88
2
87
87
83
7
86
88
87
18
86
86
88
18
2
87
87
83
82
88
87
82
18
88
88
2
87
18
88
87
86
88
18
86
86
18
88
87
2
89
2
87
18
88
87
18
88
86
18
88
87
18
18
88
86
83
18
87
86
2
83
18
87
18
88
72
90
72
69
16
91
70
72
92
90
91
91
92
70
72
70
16
91
91
70
16
92
69
72
92
72
92
91
69
16
91
70
72
91
70
90
72
70
70
91
72
72
69
72
92
90
70
68
90
92
72
72
72
92
92
69
90
70
92
72
91
70
70
16
70
70
69
72
69
16
92
91
70
90
92
72
90
92
92
69
90
92
72
90
70
69
16
69
15
90
90
70
92
91
70
90
69
91
16
91
92
69
90
70
92
72
91
91
69
16
92
70
90
72
70
92
69
68
90
72
91
16
72
16
91
70
90
70
92
72
69
90
91
69
16
92
70
72
91
90
16
91
70
69
15
90
72
72
16
91
70
91
72
69
90
91
92
91
72
69
16
91
90
16
92
70
92
84
4
93
94
84
89
95
93
94
95
93
89
94
2
4
95
0
89
4
94
95
94
4
93
93
4
93
94
95
93
89
95
95
0
89
95
2
89
89
4
93
93
93
4
93
94
89
95
84
93
84
89
95
89
4
89
89
2
94
93
93
95
93
94
4
93
89
95
2
89
4
94
4
89
94
0
93
93
2
95
86
89
89
84
93
94
2
4
86
89
4
94
95
94
0
84
93
2
95
86
94
95
89
84
93
94
2
4
95
89
95
4
94
95
89
4
86
94
0
84
84
4
95
84
89
4
95
93
93
94
95
95
94
95
89
4
86
93
