0
1
2
3
3
1
0
4
5
3
3
6
1
6
3
1
0
7
5
1
5
6
1
5
3
7
6
5
0
3
1
3
1
8
1
3
3
1
5
7
7
0
5
3
1
7
1
3
5
6
5
0
3
1
2
1
5
1
1
6
3
1
5
7
7
0
5
0
3
6
7
1
3
5
0
0
3
1
2
1
5
3
1
6
5
0
5
7
7
5
0
1
0
3
6
7
1
7
0
4
1
0
6
1
2
1
3
5
3
1
1
5
0
5
5
7
1
0
1
7
3
3
7
7
1
8
5
0
4
1
3
2
1
3
5
0
3
8
1
5
0
5
7
0
5
0
1
2
3
6
7
1
5
0
1
8
3
6
1
0
3
3
1
0
5
5
0
9
9
7
10
11
12
13
9
14
15
12
11
10
16
9
8
17
9
15
15
13
9
14
10
13
15
13
15
9
11
8
18
11
12
16
13
14
8
17
11
10
16
9
11
13
9
15
12
15
13
9
10
14
8
10
14
15
16
15
9
11
10
14
18
14
12
16
13
14
12
9
19
11
16
9
11
14
8
9
19
9
15
12
15
13
14
11
14
8
12
13
15
15
16
9
11
14
15
13
13
12
16
13
17
14
9
18
13
15
13
9
11
14
9
19
9
10
16
11
10
13
9
18
8
14
12
13
15
9
11
10
8
14
17
13
16
8
17
13
12
14
13
15
14
11
14
15
9
19
9
16
11
14
16
7
11
8
14
12
13
15
9
10
9
12
13
16
8
8
12
14
10
13
15
14
10
12
9
13
11
13
9
14
9
13
15
9
18
8
12
13
16
14
19
14
18
13
15
8
9
15
15
16
11
14
10
14
15
15
16
20
21
22
23
20
24
25
24
26
23
21
21
23
27
25
21
27
28
23
25
21
21
22
25
23
27
27
21
26
23
23
21
27
24
22
23
27
25
20
21
27
23
25
21
21
20
25
23
27
27
21
23
25
21
20
24
22
28
25
20
23
20
23
25
21
23
20
23
23
27
27
21
20
23
25
21
21
22
27
20
23
27
23
25
21
23
25
21
23
23
27
27
21
23
25
21
25
21
24
22
27
25
21
21
21
23
27
26
21
23
24
21
24
21
23
21
27
23
21
21
27
27
25
27
20
21
23
24
24
20
24
21
23
27
27
25
21
21
23
22
27
29
30
29
31
32
31
30
24
24
25
31
24
30
29
32
32
30
32
29
30
24
31
31
30
31
30
24
25
31
24
30
29
31
32
30
31
31
24
31
31
30
32
24
24
25
32
30
29
31
32
30
31
31
31
24
31
25
32
29
29
31
32
31
24
29
31
24
30
25
31
30
31
31
31
29
24
32
25
30
32
29
31
32
30
24
32
31
24
30
24
31
32
29
30
31
31
25
32
31
30
32
29
25
31
24
32
30
29
32
30
31
32
29
25
32
31
31
29
25
31
30
24
32
32
31
25
31
32
33
34
35
36
35
33
36
33
37
33
34
35
38
33
35
36
39
34
35
35
39
34
36
34
38
33
40
36
33
34
35
36
36
33
33
36
33
37
33
36
34
41
38
34
36
39
42
35
37
42
39
34
34
38
33
40
39
34
33
34
36
35
36
36
33
33
40
36
37
42
33
36
34
41
38
42
34
33
35
43
34
42
38
34
38
33
35
42
41
36
35
36
33
40
38
33
36
37
42
38
42
34
33
36
38
38
34
42
42
38
34
35
36
35
37
42
41
38
35
33
33
39
38
40
36
42
33
35
34
36
36
38
38
41
42
37
42
38
35
36
42
41
42
36
40
38
35
36
33
39
36
37
34
33
35
36
39
42
38
33
38
42
39
34
41
42
38
35
36
33
43
42
36
38
35
36
36
39
33
34
41
33
35
36
39
42
38
35
38
35
37
34
36
41
38
38
38
35
36
44
44
45
46
44
47
20
47
41
20
48
44
43
48
45
48
45
20
44
20
44
46
44
46
47
20
41
45
44
46
46
48
48
41
20
44
41
47
41
20
43
20
20
48
46
41
46
46
20
45
46
48
41
47
44
41
47
41
46
47
47
45
43
20
46
47
41
46
44
45
46
48
44
41
41
46
49
43
50
20
48
44
50
47
46
44
45
46
48
43
41
41
46
48
44
46
20
47
20
44
50
47
46
44
20
47
45
46
44
48
45
41
46
48
44
46
44
41
46
41
47
26
45
47
20
44
47
41
48
48
43
48
45
48
45
46
51
52
53
54
29
55
54
52
52
52
51
52
53
51
21
55
53
53
54
52
53
54
29
55
54
52
53
54
51
52
53
51
53
52
54
53
53
54
52
54
55
53
54
51
54
52
52
53
29
52
53
54
53
52
54
53
54
52
21
54
55
29
52
54
53
55
52
54
29
53
54
52
53
54
53
52
54
55
52
54
53
54
53
52
55
53
54
53
55
52
53
29
52
54
55
53
54
55
52
54
52
55
52
52
55
29
29
53
54
53
21
52
54
29
52
54
55
52
53
51
52
55
53
54
29
29
55
54
53
21
51
29
52
54
51
52
53
56
57
58
56
49
56
58
28
58
28
59
60
49
57
28
57
28
28
61
49
49
58
28
57
56
49
56
57
58
28
59
60
49
57
28
49
28
61
59
60
28
60
49
58
28
59
57
58
60
49
60
56
57
58
59
56
49
56
58
28
60
49
49
58
61
59
28
61
60
49
58
61
59
57
49
56
58
60
49
56
58
61
48
56
56
49
56
20
58
61
60
49
60
60
58
61
59
58
58
61
60
56
27
28
59
61
49
56
58
28
61
49
56
28
20
58
60
49
60
60
59
28
58
49
60
56
59
61
60
57
58
28
27
61
49
62
60
28
59
60
28
28
60
49
49
56
62
58
61
60
56
61
60
57
27
28
27
61
59
61
49
56
28
57
28
20
60
59
60
49
49
40
46
63
50
64
40
40
65
66
65
64
66
64
63
50
40
64
65
63
26
66
40
63
45
50
40
66
40
65
66
63
64
66
64
40
26
40
63
50
65
64
50
64
65
63
63
30
40
66
65
45
63
45
65
64
66
50
63
40
65
66
63
64
66
64
40
63
66
65
63
50
40
64
50
66
66
63
40
66
65
64
63
64
66
66
40
50
66
40
64
40
63
64
66
64
40
26
66
65
66
40
64
50
66
40
66
65
64
63
40
40
63
65
64
41
63
66
64
40
26
66
65
64
50
66
26
40
40
66
65
63
63
40
40
63
65
40
65
63
64
66
65
40
40
65
66
23
66
40
63
63
64
63
40
40
65
66
65
64
45
63
64
26
66
50
64
65
64
26
67
68
68
69
17
69
69
70
68
67
67
71
69
72
72
59
68
67
72
67
67
17
69
72
68
68
71
69
17
69
69
17
72
67
73
72
67
67
69
17
72
68
70
68
69
17
72
67
19
67
70
69
72
67
72
71
69
17
69
72
17
72
67
67
69
17
72
68
70
68
69
71
67
70
17
19
70
69
17
72
67
72
72
17
68
72
72
67
67
69
72
17
72
68
17
68
69
71
72
67
69
17
67
73
72
67
70
72
69
72
67
67
69
72
59
67
68
70
68
69
71
68
17
67
72
67
67
70
17
69
68
67
71
72
69
67
17
59
71
17
68
71
67
17
67
19
68
67
69
70
72
69
68
71
72
69
67
72
68
59
68
67
68
17
59
68
71
71
67
70
69
74
37
74
75
76
60
67
76
74
74
39
67
77
43
75
74
78
76
60
37
77
76
76
62
74
62
75
77
78
37
37
68
75
37
76
62
39
74
78
43
74
75
76
76
60
78
77
74
37
76
75
39
77
76
62
62
43
76
78
37
37
75
76
62
39
74
78
75
77
76
77
76
43
48
74
78
77
75
39
76
77
62
62
75
76
78
37
39
60
75
68
60
62
74
78
39
75
43
77
75
60
39
75
76
62
78
75
74
78
76
76
75
77
77
77
78
76
78
39
39
60
43
77
76
77
74
74
77
78
48
43
77
75
74
76
77
43
74
77
62
78
75
60
39
69
76
75
76
77
77
74
43
76
75
39
37
75
43
77
76
77
74
74
37
68
75
37
48
43
77
75
74
67
77
74
76
78
75
76
39
77
68
76
76
77
77
74
37
75
76
75
43
77
76
43
77
77
74
37
68
75
76
75
68
75
76
74
74
39
67
77
43
48
62
78
75
76
60
37
77
76
62
74
62
75
77
74
37
75
37
76
76
62
77
19
10
19
79
72
56
80
80
81
81
57
19
81
56
80
19
79
80
19
56
79
80
57
81
56
80
80
79
80
57
19
56
79
81
56
80
79
56
19
57
79
81
57
19
80
81
80
80
81
80
56
79
81
56
79
19
56
19
79
19
19
81
57
80
80
80
80
57
56
56
80
19
10
81
19
19
81
19
80
56
57
56
79
81
81
79
19
10
19
57
80
80
81
81
79
81
81
19
82
55
83
82
55
83
82
84
84
28
82
55
22
84
83
82
84
55
83
82
55
83
55
22
22
83
55
83
84
55
28
82
55
22
82
84
22
82
84
82
83
55
83
82
83
22
22
83
85
82
85
22
82
57
22
82
55
22
82
82
83
22
84
82
83
22
55
57
82
85
84
55
22
82
57
55
83
57
22
83
22
83
82
54
84
82
84
28
55
57
82
22
82
57
55
22
82
82
28
55
83
57
22
83
84
82
85
84
84
82
22
55
83
22
82
57
55
55
84
83
57
28
83
55
82
85
82
55
84
55
22
82
22
84
83
82
84
22
18
86
87
7
83
86
88
18
87
18
86
88
88
2
86
89
87
7
87
83
7
86
83
18
88
88
18
86
86
86
88
88
2
87
87
83
7
86
88
87
18
86
86
88
18
2
87
87
83
82
88
87
82
18
88
88
2
87
18
88
87
86
88
18
86
86
18
88
87
2
89
2
18
18
88
87
7
88
86
18
88
87
2
18
88
86
83
18
87
86
2
83
18
87
18
88
73
90
73
70
16
91
71
73
92
90
91
91
92
71
73
71
16
91
91
71
16
92
70
73
92
73
92
91
70
16
91
71
73
91
71
90
73
71
71
91
73
73
70
73
92
90
71
69
90
92
73
73
73
92
92
70
90
71
92
73
91
71
71
16
71
71
70
73
70
16
92
91
71
90
92
73
90
92
92
70
90
92
73
90
71
70
16
70
15
90
90
71
92
91
71
90
70
91
16
91
92
70
90
71
92
73
91
91
70
16
92
71
90
73
71
92
70
69
90
73
91
16
73
16
91
71
90
71
92
73
70
90
91
70
16
92
71
73
91
90
16
91
71
70
15
90
73
73
16
91
71
91
73
70
90
91
92
91
73
70
16
91
90
16
92
71
92
84
4
93
94
84
89
95
96
94
95
93
89
94
2
4
95
0
89
4
94
95
94
4
96
96
4
93
94
95
96
89
95
95
0
89
95
2
89
89
4
93
96
96
4
93
94
89
95
84
96
84
89
95
89
4
89
89
2
94
96
96
95
93
94
4
96
89
95
2
89
4
94
4
89
94
0
96
96
2
95
86
89
89
84
93
94
2
4
86
89
4
94
95
94
0
84
96
2
95
86
94
95
89
84
93
94
2
4
95
89
95
4
94
95
89
4
86
94
0
84
84
4
95
84
89
4
95
96
93
94
95
95
94
95
89
4
86
96
