0
1
2
3
3
1
0
4
2
3
3
5
1
5
6
1
0
6
2
1
2
5
1
2
3
6
5
2
0
3
1
3
1
7
1
3
3
1
2
6
6
0
2
3
1
6
1
3
2
5
2
0
3
1
8
1
2
1
1
5
3
1
2
6
6
0
2
0
3
5
6
1
3
2
0
0
3
1
8
1
2
3
1
5
2
0
2
6
6
2
0
1
0
3
5
6
1
6
0
4
1
0
5
1
8
1
3
2
3
1
1
2
0
2
2
6
1
0
1
6
3
3
6
6
1
7
2
0
4
1
3
8
1
3
2
0
3
6
1
2
0
2
6
0
2
0
1
8
3
5
6
1
2
0
1
7
3
5
1
0
3
6
1
0
2
2
0
9
9
6
10
11
12
13
9
14
15
12
11
10
16
9
7
17
9
15
15
13
9
14
10
13
15
13
15
9
11
7
18
11
12
16
13
14
7
17
11
10
16
9
11
13
9
15
12
15
13
9
10
14
7
10
14
15
16
15
9
11
10
14
18
14
12
16
13
14
12
9
19
11
16
9
11
14
7
9
19
9
15
19
15
13
14
11
14
7
12
13
15
15
16
9
11
14
15
13
13
12
16
13
17
14
9
18
13
15
13
9
11
14
9
19
9
10
16
11
10
13
9
18
7
14
12
13
15
9
11
10
7
14
17
13
16
7
17
13
12
14
13
15
14
11
14
15
9
19
9
16
11
14
16
6
11
7
14
12
13
15
9
10
9
12
13
16
7
7
12
14
10
13
15
14
10
9
9
13
11
13
9
14
12
13
15
9
18
7
15
13
16
14
19
14
18
13
15
7
9
15
15
16
11
14
10
14
15
15
16
20
21
22
23
20
24
25
24
26
23
21
21
23
27
25
21
27
28
23
25
21
21
22
25
23
27
27
21
26
23
23
21
27
24
22
23
27
25
20
21
27
23
25
21
21
20
25
23
27
27
21
23
25
21
20
24
22
28
25
20
23
20
23
25
21
23
20
23
23
27
27
21
20
23
25
21
21
22
27
20
23
27
23
25
21
23
25
21
23
23
27
27
21
23
25
21
25
21
24
22
27
25
21
21
21
23
27
26
21
23
24
21
24
21
23
21
27
23
21
21
27
27
25
27
20
21
23
24
24
20
24
21
23
27
27
25
21
21
23
22
27
29
30
29
31
32
31
30
24
24
25
31
24
30
29
32
32
30
32
29
30
24
31
31
30
31
30
24
25
31
24
30
29
31
32
30
31
31
24
31
31
30
32
33
24
25
32
30
29
31
32
30
31
31
31
24
31
25
32
29
29
31
32
31
24
29
31
24
30
25
31
30
31
31
31
29
24
32
25
30
32
29
31
32
30
24
32
31
24
30
24
31
32
29
30
31
31
25
32
31
30
32
29
25
31
24
32
30
29
32
30
31
32
29
25
32
31
31
29
25
31
30
24
32
32
31
25
31
32
34
35
36
37
36
34
37
34
38
34
35
39
40
34
36
37
41
35
36
39
41
35
37
35
40
34
42
37
34
35
36
37
37
34
34
37
34
38
34
37
35
39
40
35
37
41
43
36
38
43
41
35
35
40
34
34
41
35
34
35
37
36
37
37
34
34
42
37
38
43
34
37
35
39
40
43
35
34
36
44
35
43
40
35
40
34
34
43
39
37
39
37
34
42
40
34
37
38
43
40
43
35
34
37
40
40
35
43
43
40
35
36
37
36
38
43
39
40
36
34
34
41
40
42
37
43
34
36
35
37
37
40
40
39
43
38
43
40
36
37
43
39
43
37
42
40
36
37
34
41
37
38
35
42
36
37
41
43
40
34
40
43
41
35
39
43
40
36
37
34
44
43
37
40
34
37
37
41
34
35
39
34
36
37
41
43
40
36
40
36
38
35
37
39
40
40
40
36
37
45
45
46
47
45
48
20
48
39
20
49
45
44
49
46
49
46
20
45
20
45
47
45
47
48
20
39
46
45
47
47
49
49
39
20
45
39
48
39
20
44
20
20
49
47
39
47
47
20
46
47
49
39
48
45
39
48
39
47
48
48
46
44
20
47
48
39
47
45
46
47
49
45
39
39
47
48
44
50
20
49
45
50
48
47
45
46
47
49
44
39
39
47
49
45
47
20
48
20
45
50
48
47
45
20
48
46
47
45
49
46
39
47
49
45
47
45
39
47
39
48
20
46
48
20
45
48
39
49
49
44
49
46
49
46
47
51
33
52
51
29
53
51
33
33
33
33
33
52
51
21
53
52
52
51
33
52
51
29
53
51
33
52
51
33
33
52
51
52
33
54
52
52
51
33
51
53
52
51
51
51
33
33
52
29
33
52
51
52
33
54
52
51
33
33
51
53
29
33
51
52
53
33
51
29
52
51
33
52
51
52
33
51
53
33
51
52
51
52
33
53
29
51
52
53
33
52
29
33
51
53
52
54
53
33
51
33
53
33
33
53
29
29
33
51
52
21
33
51
29
33
51
53
33
33
33
33
53
52
54
29
29
53
51
52
21
33
29
33
51
53
33
33
55
56
57
55
58
55
57
28
57
28
59
60
58
56
28
56
28
28
61
58
58
57
28
56
55
58
55
56
57
28
59
60
58
56
28
58
28
61
59
60
28
60
58
57
28
59
56
57
60
58
60
55
56
57
59
60
58
55
57
28
60
58
58
57
61
59
28
61
60
58
57
61
59
61
58
55
57
60
58
55
57
61
49
55
55
58
55
20
57
61
60
58
60
60
57
61
59
57
57
61
60
55
27
28
59
61
58
55
57
28
61
49
55
28
20
57
60
58
60
60
59
28
57
58
60
55
59
61
60
56
57
28
27
61
58
62
60
28
59
60
28
28
60
58
58
55
62
57
61
60
55
61
60
56
27
28
27
61
59
61
58
55
28
56
28
20
60
55
60
58
58
42
47
63
50
64
42
42
65
66
65
64
66
64
63
50
42
64
65
63
26
66
42
66
46
50
42
66
42
65
66
63
64
66
64
42
26
42
63
50
65
64
50
64
65
63
63
30
42
66
65
46
63
46
65
64
66
50
63
42
65
66
63
64
66
64
42
63
66
65
63
50
42
64
50
66
66
63
42
66
65
64
63
64
66
66
42
50
66
42
64
42
63
64
66
64
42
26
66
65
66
42
64
50
66
42
66
65
64
63
42
42
63
65
64
39
63
66
64
42
26
66
65
64
50
66
26
42
42
66
65
63
63
42
42
63
65
42
65
63
64
66
65
42
42
65
66
23
66
42
63
63
64
63
42
42
65
66
65
64
46
66
64
26
66
50
64
65
64
26
67
68
68
69
17
69
69
70
68
67
67
71
69
72
72
59
68
67
72
67
67
17
69
72
68
68
71
69
17
69
69
17
72
67
73
72
67
67
69
17
72
68
70
68
69
17
72
67
19
67
70
69
72
67
72
71
69
17
69
72
17
72
67
67
69
17
72
68
70
68
69
71
67
70
17
19
70
69
17
72
67
72
72
17
68
72
72
67
67
69
72
17
72
68
17
68
69
71
72
67
69
17
67
73
72
67
70
72
69
72
67
67
70
72
59
67
68
70
68
69
71
68
17
67
72
67
67
70
17
69
68
67
71
72
69
67
17
59
71
17
68
71
67
17
67
19
68
67
69
70
72
69
68
71
72
69
67
72
68
59
68
67
68
17
59
68
71
71
67
70
69
74
38
74
75
76
60
69
76
74
74
41
67
77
44
75
74
78
76
60
74
77
76
76
62
74
62
75
77
78
38
38
68
79
38
76
62
41
74
78
44
74
75
76
76
60
77
77
74
38
76
79
41
77
76
62
62
44
76
78
38
38
75
76
62
41
74
78
75
77
76
77
76
44
49
74
78
77
79
41
76
77
62
62
75
76
78
38
41
60
75
68
60
62
74
78
41
49
44
77
79
60
41
77
76
62
78
75
74
78
76
76
79
77
77
77
78
76
78
41
41
60
44
77
76
77
74
74
77
78
49
44
77
79
74
76
77
44
74
77
62
78
75
60
41
69
76
79
76
77
77
74
44
76
79
41
38
79
44
77
76
77
74
74
38
68
75
38
49
44
77
79
74
67
77
74
76
78
75
76
41
77
68
76
76
77
77
74
38
75
76
79
44
77
76
44
77
77
74
38
68
75
76
75
68
79
76
74
74
41
67
77
44
49
62
78
75
76
60
38
77
76
62
74
62
75
77
74
38
79
38
76
76
62
77
19
10
19
80
72
55
81
81
82
82
56
19
82
55
81
19
80
81
19
55
80
81
56
82
55
81
81
80
81
56
19
55
80
82
55
81
80
55
19
56
80
82
56
19
81
82
81
81
82
81
55
80
82
55
80
19
55
19
83
19
19
82
56
81
81
81
56
56
55
55
81
19
10
82
19
19
82
19
81
55
56
55
80
82
82
80
19
10
19
56
81
81
82
82
80
82
82
19
84
53
85
84
53
85
84
86
86
22
84
86
22
86
85
84
86
53
85
84
53
85
53
22
22
85
53
85
86
53
28
84
86
22
84
86
22
84
86
84
85
53
85
84
85
22
22
85
22
84
22
22
84
56
22
84
53
22
84
84
85
22
86
84
85
22
53
56
84
22
86
53
22
84
56
53
85
56
22
85
22
85
84
51
86
84
86
28
53
56
84
22
84
56
53
22
84
84
28
53
85
56
22
85
86
84
22
86
86
84
22
53
85
22
84
56
53
53
86
85
56
28
85
53
84
56
84
53
86
53
22
84
22
86
85
84
86
22
18
87
88
6
85
87
83
18
88
18
87
83
83
8
87
89
88
6
88
85
18
87
85
87
83
83
18
87
87
87
83
83
8
88
88
85
8
87
83
88
18
87
87
83
18
8
88
88
85
84
83
88
84
18
83
83
8
88
18
83
88
87
83
18
87
87
18
83
88
8
89
8
88
18
83
88
18
83
87
18
83
88
8
18
83
87
85
18
88
87
8
85
18
88
18
83
73
90
73
70
16
91
71
73
92
90
91
91
92
71
73
71
16
91
91
71
16
92
70
73
92
73
92
91
70
16
91
71
73
91
71
90
73
71
71
91
73
73
70
73
92
90
71
69
90
92
73
73
73
92
92
70
90
71
92
73
91
71
71
16
71
71
70
73
70
16
92
91
71
90
92
73
90
92
92
70
90
92
73
90
71
70
16
70
15
90
90
71
92
91
71
90
70
91
16
91
92
70
90
71
92
73
91
91
70
16
92
71
90
73
71
92
70
69
90
73
91
16
73
16
91
71
90
71
92
73
70
90
91
70
16
92
71
73
91
90
16
91
71
70
15
90
73
73
16
91
71
91
73
70
90
91
92
91
73
70
16
91
90
16
92
71
92
86
4
93
94
86
89
95
93
94
95
54
89
94
8
4
95
0
89
4
94
95
95
4
93
93
4
93
94
95
93
89
95
95
0
89
95
8
89
89
4
93
93
93
4
93
94
89
95
86
93
86
89
95
89
4
89
87
8
95
93
93
95
93
94
4
93
89
95
8
89
4
94
4
89
95
0
93
93
8
95
87
89
89
86
93
94
8
4
87
89
4
94
95
95
0
86
93
8
95
87
94
95
89
86
86
94
8
4
95
89
95
4
94
95
89
4
87
95
0
86
86
4
95
86
89
4
95
93
54
94
95
95
94
95
89
4
87
93
